# 17 (no. of base pairs)
#bp      Shear     Stretch    Stagger    Buckle   Propeller   Opening      Shift      Slide      Rise       Tilt       Roll       Twist
G-C    -0.1780    -0.1125     0.0768     0.2557   -14.7275     6.7443    -0.0039     0.3392     3.2803    -0.0675     1.9360    26.9123
G-C    -1.2274    -0.2221     0.0498     2.1272   -14.4403     6.0471     0.0305     0.6378     3.4692    -0.1618     1.9693    40.3661
G-C    -0.1932    -0.1382     0.0540     0.4260   -14.5626     5.8919    -0.0175     0.7101     3.4829     0.1140     1.9239    42.6256
C-G     1.2269    -0.2217     0.0498    -2.1357   -14.4648     6.0441    -0.0568     0.4352     3.3993    -0.4081     1.8385    33.1979
T-A     1.1408    -0.1341     0.2481    -2.7026   -19.5991     5.9315    -0.0371     0.4368     3.3844     0.1924     1.5505    33.7235
T-A     1.1423    -0.1351     0.2482    -2.7084   -19.5793     5.8857     0.0115     0.2658     3.2571     0.7505     1.7381    25.2785
G-C    -0.1927    -0.1356     0.0541     0.4288   -14.5701     5.9539    -0.0200     0.7103     3.4828     0.1103     1.9300    42.6092
C-G     1.2250    -0.2216     0.0498    -2.1362   -14.4656     6.0364    -0.0361     0.2687     3.2610    -0.4627     1.7562    25.3262
A-T    -0.1066    -0.0579     0.2428     0.8466   -19.6681     5.7681     0.0258     0.4347     3.3949     45.5817     1.8658    33.1751
G-C    -0.1923    -0.1375     0.0543     0.4292   -14.5702     5.9085     0.0109     0.4882     3.3778    -0.0509     1.9612    33.6870
G-C    -0.1929    -0.1383     0.0540     0.4265   -14.5592     5.8866     0.0131     0.4897     3.3780    -0.0435     1.9509    33.7090
G-C    -0.1914    -0.1362     0.0541     0.4289   -14.5696     5.9378    -0.0123     0.4934     3.3671    -0.6005     1.6913    34.2232
A-T    -0.1075    -0.0588     0.2418     0.8313   -19.6696     5.7457     0.0254     0.4341     3.3942     0.5721     1.8710    33.1696
G-C    -0.1934    -0.1376     0.0540     0.4274   -14.5619     5.8808    -0.0263     0.6552     3.5051    -0.5524     1.7668    42.1430
T-A     1.1426    -0.1332     0.2479    -2.7013   -19.5897     5.9599    -0.0365     0.4377     3.3846     0.1980     1.5485    33.7212
T-A     1.1434    -0.1339     0.2489    -2.7153   -19.6070     5.9356    -0.0724     0.2921     3.2750     0.6826     1.7074    26.2598
A-T    -0.0239    -0.0770     0.0497     0.0288   -14.7199     4.3827     999999     999999     999999     999999     999999     999999
